3
25
50
2
-0.158077938492 -0.0978097407693 0.438991066578 -0.176258653052 0.106728196345 0.280831379289 -0.458509173237 0.370318245981 -0.0611397269354 0.0583453564416 -0.118259116572 -0.253858645655 0.287969401524 -0.598588961247 0.13636946722 0.175894237062 0.162573877737 -0.289326873519 0.176737881651 0.0146004506513 -0.327743800452 0.593387731468 0.00280213151958 0.0647588130008 -0.217367263427 0.370697188357 -0.137474768958 -0.0777824018156 -0.220963872017 -0.269472752428 -0.555788396897 -0.289319198738 -0.0550152587637 0.171466149216 -0.0226164259525 0.567152360454 0.150021896378 -0.0401878454314 -0.378564985477 0.200434807745 -0.280169577797 0.0832791830106 -0.341178061532 -0.28104652797 0.285620285847 -0.0840865797888 -0.150677214544 -0.126138681714 -0.129859438295 -0.13104437236 
0.0585100253856 0.0336803540531 -0.015204925535 -0.0228163074473 -0.128273732044 0.545821234064 -0.51483025445 0.411091952956 0.188701313326 0.411594962627 -0.118074446065 0.0361887029874 0.16213665503 0.335067859478 -0.0508740923757 0.378411558558 -0.0109088518194 -0.0839433284936 -0.906308754054 0.0719282230797 0.168331300284 0.389038095645 -0.0618425626538 0.404295635735 0.503332215634 0.276712483709 -0.0110664579397 0.503219763618 -0.430677156473 0.0451265420342 0.459073118533 -0.521472963947 0.306995929848 0.0137367506288 0.450000257585 0.0736274458982 0.54530799918 -0.258514613674 -0.227701199929 0.126798947673 0.0435463162693 -0.743973620721 0.408338619615 0.530247885989 -0.0153516407803 0.208162446383 0.29746321844 -0.0167590187012 0.540019216322 -0.178513402128 
0.331247336237 -0.188388216536 0.411161644666 0.381219274877 -0.277232135641 0.691638287318 0.166047043448 0.339795972853 0.458559070256 0.133795175095 -0.0447340848647 0.317611945806 0.788530246852 0.155752188398 0.0446403998836 0.274003253155 0.0338231061764 -0.439003631462 -0.222246814941 -0.0386296503275 0.00381476997704 0.123099014439 -0.528599388303 -0.00239927423615 0.165095424842 0.257736530918 0.0946649710328 -0.202188803329 -0.534011944051 0.0609557008196 -0.233645582665 -0.0998803883075 -0.00913174272632 0.182018135667 0.301246208695 -0.48115491903 0.383518864316 0.094896048708 0.103886287744 0.51381760633 0.264298809457 0.0121635647932 0.0146267659251 -0.101466746399 0.498201177369 0.627935720817 0.30482141431 -0.203086962908 -0.266099139877 0.455513014676 
0.284623615855 -0.0594639041061 0.557292056772 0.116172449321 -0.0838266068244 -0.313140584703 0.107891468183 0.117645487312 -0.187488432913 0.0885435461792 -0.00412837486771 -0.162622939637 0.631604274395 0.238848088721 0.34351037473 0.0586145917388 0.453068050207 -0.855505715758 0.0800194357603 -0.209358059293 0.22989760286 -0.0520629039863 0.275309073665 -0.160015570363 0.622520350384 -0.0335148877131 0.6378162656 0.433065635659 0.133833105041 -0.0871378311389 -0.209846834708 -0.351781987573 0.329738115563 -0.151313738794 0.254738213756 -0.0756926706183 0.404159576104 -0.411152721959 -0.029402565706 0.39636270426 0.304166601676 -0.202784677991 0.0746361240188 0.538938239322 0.0272472863689 0.25709712267 0.534467509018 -0.136674556306 -0.203191254411 0.108080922601 
-0.244098474733 -0.168163702898 -0.0822105738037 -0.142837397584 0.00273502190209 0.221876248661 0.0564544226079 0.253923988611 0.102474840377 0.0332048308207 0.0658121781869 -0.313703215639 0.45494670156 -0.0192882269732 -0.763256650901 0.177738843865 -0.00957112606151 -0.260893344716 0.0760573338718 -0.0982835683171 0.130921420691 0.108335299021 0.0854067027227 -0.268615895947 -0.0223527923393 0.219160344213 -0.141307588754 0.0748853310711 -0.329778535319 -0.0112188179657 0.146763922627 -0.877512601747 0.119289387429 0.0510203026225 0.500260483998 -0.0870298331522 0.804096114855 -0.646204713721 -0.354156277717 0.368142280031 0.489346177414 0.144120753543 0.434594604968 -0.014949220991 -0.714423382728 0.734372117042 0.363018580175 -0.522795399103 0.0307615968492 0.647852159225 
-0.335344014026 -0.790435806794 -0.166496437039 0.526896683739 0.122801868352 0.371041798189 0.0353205825132 -0.0961443922903 0.401935203283 0.006683672236 -0.600082892329 0.237990614809 0.440084702648 0.375396115169 -0.190501776636 0.318403126152 0.355251190807 0.00662022866157 0.207940778483 -0.140014138766 0.620348019188 0.412588369922 0.0780373126357 0.105339338328 -0.217856466516 -0.0474806142303 0.541165283091 0.588641800391 0.00297346949952 0.214858405786 -0.0872652343519 -0.317087124381 0.598869152007 0.0873087227313 0.384645529354 0.0994468987808 -0.137854999783 -0.0660959729975 -0.328008063728 0.626864276619 0.607473803841 -0.46782140365 0.217021300764 0.120618761062 -0.406807687341 -0.353515031068 -0.0309409609303 -0.0335637625466 -0.404303121814 0.560899146869 
0.429903477839 -0.0887806125779 -0.100372395476 0.299803067104 0.0721090843453 0.485761057646 -0.0142507908276 -0.0262605085515 -0.212467674669 -0.0111466121322 -0.729848498669 0.23849686596 -0.0520215537964 0.261508869052 0.195202526495 0.219509324401 0.466180234117 0.00770915559585 -0.0705655722185 -0.247448209641 -0.131792943414 -0.19137600696 -0.317620621552 -0.0279466337219 -0.63930428406 0.325276037339 -0.381914409392 0.44706264631 -0.399605237552 0.0302587336857 0.427197728722 -0.726641679275 0.252729743966 0.309283481045 0.288840644886 0.0946465113674 0.447629239099 -0.137183140828 -1.03192385438 0.849781174187 0.335338244922 0.0152379045416 0.413837856003 0.527935168833 -0.287239217956 -0.0604757725901 -0.00312892099048 -0.490099365383 -0.436816100547 -0.236431623197 
0.397441370559 -0.23832533216 0.531937101704 0.47251963205 -0.143889879983 0.442659016413 0.362783017929 -0.118312924392 -0.31441364301 0.457827712511 -0.203287258664 -0.091438177543 0.0924912943326 0.183649977459 0.00161396828222 0.54343938306 -0.0860796173826 0.14006916853 -0.349841780801 -0.465366018586 0.144094269365 0.353200457389 -0.376579675211 0.227958319499 0.253221333589 0.134248128005 0.322093575997 0.456477078344 -0.498588743847 -0.388159262768 0.628887997 -0.543239176582 0.197709052573 0.323754598678 0.0249232658218 -0.149526021319 0.502601927641 -0.19950985565 -0.475585864095 0.73655683876 0.463163638667 -0.0284666952017 0.210560111321 0.00392277942765 -0.315066521336 0.512748553247 0.373089009903 -0.184505286054 -0.089956288313 0.146362532074 
-0.255662603545 -0.376599362088 0.275104468043 0.41853343232 0.187807632157 0.0872996192381 0.749119819898 0.733733297481 -0.277653123848 0.350642725463 -0.850369608485 -0.249962343067 0.0646699437337 0.0737654679509 0.0262908770043 0.116507242525 0.267693735952 0.353925143958 -0.594067941651 -0.199192190016 -0.10347733836 0.372036609234 0.27264359583 0.587539093377 0.577380291836 0.557888675853 0.36727559852 0.455425200001 0.118410368189 0.308021334796 0.000649721154351 -0.343081690963 0.438198100086 0.42233601854 0.137087757761 -0.161113537202 0.112197038441 -0.366599376087 -0.321931484842 -0.0949734416214 0.310361153805 0.238725064685 0.0361482791333 0.380889178158 -0.229208059289 0.183966125335 0.0922788357208 -0.404530195473 0.0936682509776 0.340368304839 
0.0815102741843 0.0248355038235 0.00852884295487 -0.174339332451 0.260615656611 0.44476692298 0.595474604394 0.909510477773 0.558204125562 0.363528434401 -0.148421077604 0.22112541727 -0.0683445447837 -0.145457045561 -0.138759716725 0.487928818513 0.272864491826 0.0050889787836 0.0614653238191 0.157949053892 0.0629725486027 -0.0450646085994 0.087787067198 0.333734878831 0.173410187307 0.205801783235 0.173578249097 0.289364202917 -0.289455259886 0.146076569123 -0.244585531822 -0.576075486732 -0.0397063132061 0.456072972019 0.381702988884 -0.264654659313 0.133722262737 -0.179408093493 0.425618342887 0.838899909559 -0.457886236604 -0.158653469009 -0.164972036185 -0.337126404743 -0.0834647011456 0.569111191822 0.0342875276298 -0.109375439639 -0.29258802256 0.422830301225 
-0.196266600208 -0.344344674016 -0.0585554675044 0.296282697012 -0.487519522764 -0.041447032113 -0.253136962176 0.743085277261 -0.0541574093453 0.23289267054 -0.329101194012 0.398262758037 0.445221161379 0.189749996952 -0.0102010824979 0.555217662709 0.437165078824 -0.302660776594 0.251020050516 0.00854873522053 0.432855601658 0.236662566539 -0.368513401809 0.0582099098184 -0.0381407782923 0.314434494439 0.324427227965 -0.238968895003 -0.270713116357 0.101030491057 0.23437069721 -0.492009993318 0.297829942193 0.863861257357 0.569813671826 -0.517432790769 0.436234826368 -0.132807698534 0.0359398114799 0.254902574525 0.120837507352 -0.29484540932 -0.074810952161 0.372635372388 0.033466113058 0.541015952862 0.239412427194 0.108798375665 -0.455673569724 0.285366530476 
-0.0327153514613 -0.379933771659 0.00966428974543 0.905650299739 -0.348795937747 0.325426040139 0.0303467801368 0.114768491209 -0.0457181099834 0.563514914267 -0.296945822528 0.0517461393113 0.551881964209 0.154199713649 -0.206562337877 0.127989636794 0.497786272753 -0.0983651837705 0.0018761599519 -0.100207213682 0.141381223915 -0.0281174411479 0.00264405871891 0.154819793389 -0.14949801525 0.237707668836 0.666653409441 -0.056790670379 -0.151922220373 -0.00721031394619 0.275554472408 -0.031158930115 0.0798625400944 0.409559280571 0.441045002387 -0.118048159924 0.650812015521 -0.924189395891 -0.56916683441 -0.395436504761 0.0984684591131 -0.774274716387 0.367816101478 0.531002586625 -0.213202732612 0.244118882705 0.341774188034 -0.0578539382804 0.198978945216 0.462915436956 
0.221477315482 -0.0958514776843 0.529270513528 0.118887202915 -0.456592511092 0.322064941081 0.285330602988 0.345260991054 -0.019341973735 0.129610805946 0.174004342556 0.409984312161 0.64940609058 0.473367266396 0.3770132395 0.061181857768 0.313858261973 -0.300253582818 -0.620534128996 0.156632722576 0.407271131416 0.503022781955 -0.721898010935 -0.283795482582 0.468158285773 0.391797965057 0.069089143507 0.363109085673 -0.535612559863 0.786245829509 0.352959552258 -0.558341757997 -0.032669752922 0.491161220002 0.15656761644 -0.249816759778 0.00265830558663 0.111927783947 0.0835305854893 0.138911945991 0.184642057606 0.0835693556076 0.0849434622723 0.373875568234 0.0575801742387 -0.159867669665 -0.222308139347 -0.284325880981 0.0120494545174 0.26465718085 
0.0458281537777 -0.533429619909 -0.0283396981244 0.563225724331 -0.30530046423 0.290066256892 0.121235101806 0.134361888121 -0.29872641783 0.50180932457 -0.0518362543741 -0.356015991057 0.431808795996 0.188383096084 -0.464011634546 0.401934118669 0.508623605883 -0.230781579295 -0.0809532575007 0.0422354002799 0.075807198752 0.249416142596 0.135416756114 0.584259625715 0.977766298457 0.722874755101 0.579827856156 -0.332398415875 -0.356970532905 -0.133318445944 -0.152962575504 -0.739702013258 -0.214796690438 0.281027598122 0.693716447567 -0.268058362675 0.664250836057 0.296861209334 -0.405898532961 0.0576032526737 0.429850502057 -0.201100308996 0.201518656435 -0.0315839754892 0.267239448793 0.282289639858 -0.146707797755 0.046942652339 -0.195851945561 0.166880760954 
0.0928023132615 -0.1336480687 0.509266566213 0.0564466927293 0.0309345457236 0.506222950272 -0.0688822989927 0.198590593146 0.37638289744 0.295398940584 -0.406361948617 0.34948025268 0.11147782527 0.244693857546 -0.300481872454 -0.0845736724724 0.695614921209 -0.170547012752 0.13275206268 -0.0269766177706 0.184700814692 0.150466584722 -0.0181254384982 -0.0414290830379 0.0417802195072 0.36210204247 0.334128206805 0.0871173494222 -0.113110201749 0.349932781765 0.240305605863 -0.506252120618 0.342881169421 0.401759143107 0.309996479798 -0.259168567052 0.118963120849 -0.589931794661 -0.420000983758 0.368086974028 0.0138335292624 -0.229784572418 0.405342979452 0.0247963184673 -0.0633034351856 0.177943628171 0.0963751302241 -0.49142605227 -0.920290090534 0.812600141663 
0.429018159184 -0.268970084989 -0.152076778792 0.323775404377 -0.166216156476 -0.0327385356878 0.127153444663 0.128133023789 0.028399728084 0.506486659756 -0.39101800459 0.137856414057 0.0686026625946 0.342207061831 0.10968837005 0.232435382058 -0.201613573678 -0.546860971034 -0.24303461966 -0.0114822552244 0.1778651744 0.338033266745 -0.134998319383 -0.0777222845066 -0.157017885682 0.323056716449 0.368307427793 -0.175878205034 -0.321554994728 0.161579707528 0.104596404735 -0.345753956434 0.446307985138 0.374935289573 0.0181538243544 -0.542901069356 0.666134749794 0.373891946438 -0.581311292975 -0.203861716197 0.640014484848 -1.09581516281 -0.12737023363 0.365735758961 -0.119967470364 -0.152632991635 -0.536334074873 0.144428981027 -0.409654234909 -0.138917872517 
-0.0574582107818 -0.115164501817 -0.126132571778 0.156922057517 -0.656568651068 0.293220437039 0.59314358109 0.500594828268 -0.402456544432 0.0999384894938 0.0869907432311 0.599906405488 0.95506523939 0.363592020244 -0.00867307361585 0.747656637476 0.0544552917905 -0.310186409181 0.320917438875 -0.115691676026 0.314757553756 0.355775934523 -0.05284146222 0.0856414601921 -0.0531336427612 0.440808390929 -0.147033515926 0.323799422939 -0.576991803946 0.0155310947662 0.128104316905 -0.559454082461 0.448941050481 -0.0281501012914 0.432324903188 0.289244500678 0.342237331804 -0.60608828128 -0.390029076683 0.0662850406593 -0.166626497067 -0.618588503346 0.0497114573345 0.281301930906 0.0877869576329 0.990876703471 0.00949846277715 -0.432945693809 -0.159082285363 0.661895178042 
-0.785815301527 0.234877485083 -0.00727626284828 0.283767709264 -0.347042149524 0.220547127208 -0.287771659519 0.747045417763 -0.488174931657 0.734908839817 0.0598595989263 -0.102986595478 0.819317124215 0.199949931307 -0.380042939228 0.151177708821 0.279962628338 -0.50141007033 -0.588899712002 0.180327579395 -0.22534700456 0.227874331921 -0.172424280225 0.108370271451 0.428797167659 0.381235222615 0.0279394109268 0.1204444114 -0.371180363304 -0.000723266129037 -0.243949711363 -0.391583635648 0.227032062091 0.539186251586 0.354461230358 -0.179814284731 0.270114793583 0.105127911522 -0.904550635701 0.299612771775 -0.0721793609692 -0.420812599937 0.619461927138 -0.158273632987 0.372024849318 0.149188904454 0.418045613794 0.118204484099 -0.0368714145392 0.0142536683485 
-0.188654324743 -0.244620984807 0.219341191984 0.0403267244585 -0.163672563518 0.516174101723 0.74597369105 -0.090139847661 0.622228493089 0.372978043089 -0.178052629623 -0.0207528964857 0.019495437518 -0.322469409724 0.193643037648 0.258274469914 0.0820685421684 -0.394521495509 0.147686782656 0.18935552075 0.296501564433 0.0347215273225 0.0462915778494 0.0112622834427 0.360472934811 0.499168897568 -0.070886622371 -0.0471223934544 0.0887486149365 0.0383332818137 0.437471598926 -0.50766290106 0.517770925386 0.0904810833912 -0.245869956949 -0.549446489612 0.649212241441 -0.524452962414 -0.348130979043 0.388059982156 0.268643382209 -0.0211992132535 0.113793294438 0.899360709003 0.0761475770966 0.278314590676 0.351828595934 -0.249879349205 -0.293617237033 0.502184823569 
0.151241721059 0.336935473685 0.576710572158 -0.0936076495847 -0.293179332224 0.187495327676 0.0899077266868 0.0598927310153 -0.52631273364 0.413104121667 -0.10327476467 -0.108473488194 -0.0928567304563 -0.223934512332 -0.113314737743 0.352542267766 0.419742607743 -0.304965905208 -0.572649499047 0.107804106132 0.021550994896 0.273239611267 -0.28763099677 0.231908035353 0.0917172219326 0.623919616761 0.544212637615 0.216059089713 -0.191364111099 -0.0897012915266 0.222295834549 -0.477924333644 0.737178056517 -0.350396002857 0.0468431502492 0.157688731545 -0.260364048423 0.197601386885 -0.244220518296 0.58355245371 0.710839733281 -0.157355701679 0.0796029680496 0.221074240028 -0.193972569011 0.514834387694 0.255021477583 0.498562157335 0.0625361752406 0.555765721191 
0.26010875553 -0.0621959838188 0.366671797324 0.534687275579 -0.100731766403 -0.156453176165 0.297551865894 0.229563812972 0.357155233751 0.0336836588192 0.0076511415347 -0.417313906613 0.00688658205224 0.667890855148 0.518807107488 0.39395101927 0.107470531749 -0.301819535781 -0.169690820656 0.0502483751999 0.159570204989 0.319666893017 -0.232424348433 0.281466429618 0.156607604478 0.541570623149 0.532186589736 -0.0600888353134 -0.291310895187 0.325304565898 -0.164964062596 -0.405551442893 0.181149656256 -0.0338632613589 -0.07126161632 -0.160690028092 0.637657567157 -0.071885250673 -0.461811812979 0.0207194970661 0.062536745116 0.127390652112 0.037560126403 -0.0512708145282 0.203396968657 0.361781371846 -0.375233383828 0.0136493896957 0.00977118814356 0.0556103853104 
-0.0437372393393 0.331652951622 -0.411945259643 -0.108303515918 0.239161533471 0.159390880269 0.36332940591 0.182096385193 -0.0441478244113 0.231573703721 -0.292696792309 0.559275531231 -0.254791949078 0.0311078216144 0.439820759205 0.289179769947 -0.00314678412854 0.268585223681 0.0573180101614 -0.69438545673 0.242452615872 0.218210378493 -0.159960039127 -0.465782803484 0.536860686465 0.316261777847 0.169146103023 0.0248947748848 -0.396376207817 -0.270469083654 0.420159000094 -0.828016123091 -0.0109787622417 -0.13977594473 0.327165655084 0.0774513753229 0.343176351324 -0.0646791684464 -0.0894087759808 0.287176444318 0.537189928559 0.0334968442889 -0.00930233380153 0.322167834263 0.00607546029074 -0.19843228057 -0.177474414168 0.208426907928 -0.628449218347 0.150024427023 
-0.158240368288 0.141030160862 -0.190024707711 0.288000301344 -0.301725601107 0.653084296431 -0.144819884535 0.10180483042 -0.136083582346 0.455389117057 0.0243680570501 0.371629655364 0.253327172877 -0.0396617328339 -0.353017981378 0.0315920336566 0.997586451586 0.0475902731607 -0.178872443017 -0.585643609805 0.125291909466 0.101731093738 -0.199701568365 0.0588760092685 0.0814644074505 0.1175335747 0.400143426155 0.199275744639 0.169478815364 -0.336307852553 0.230977958239 -0.222196050308 -0.057143792945 -0.0140789481781 -0.257115115345 -0.395231537118 0.24466761173 -0.212520950408 -0.422425541944 0.37075878164 -0.28279942023 -0.220095829149 0.199790163152 0.250459514201 0.230687608402 0.55474250978 -0.257909980205 0.282327588711 -0.273068589785 -0.286867476983 
-0.312374956905 -0.166804136492 0.263519455074 -0.0621351058163 -0.481235871275 0.0518783078325 0.0876077159882 0.334900322587 -0.180033763185 -0.0725651451449 -0.0936027593385 0.0783920237767 0.0835814442042 0.0997799396455 -0.487965396846 0.0965186740851 0.106180205359 0.254106570645 -0.0988081370735 -0.0917793843579 0.175483555022 0.150976387775 -0.151074286414 -0.104061585117 0.291408824785 -0.0169661130832 -0.0285663869101 0.161718924443 -0.175350677766 0.621146596022 0.203780545278 -0.286450743949 0.426189073043 0.178120755477 0.298983016786 0.414710185667 -0.24193488543 -0.349015515557 -0.646710537418 0.343726989342 -0.53102422164 0.383631166695 -0.186394621159 0.0518157957133 -0.578478658806 -0.0498990191054 0.272020858316 0.190833111154 -0.244587840858 0.105359217776 
-0.159292308882 -0.122715511547 -0.138467061217 0.349950930859 -0.276194771359 0.161675489295 -0.270917399664 0.555888843203 0.232606078359 -0.349009737546 -0.307539228689 0.13936554716 0.413492760925 0.223661892051 -0.0957366818243 0.197074706213 -0.464544774469 -0.0156779667645 0.0748285334814 -0.149255247765 0.29724504852 0.0348093926648 0.174098807376 0.278040041795 0.309677994641 0.299860759154 0.180805780488 -0.185674074321 -0.430864641668 0.262250330726 -0.0469069404545 -0.611631939193 0.0358961027275 -0.373874723873 0.189777571171 -0.00870627000775 0.206569149668 -0.58111231577 0.0991674720382 0.170988925377 0.207371174753 -0.491816245649 0.140232350425 -0.0229025545498 -0.127911338314 0.125460959661 0.134573834759 0.44704742597 0.417613420332 0.0660805665879 
0.0551810523192 -0.158787647237 0.249242853053 0.242257671175 0.0364198387156 0.191275198258 0.0669419126174 -0.0460674781468 -0.00675148058241 0.0221933040286 -0.257449984113 0.146215796393 0.177267389496 -0.0787299845163 -0.423709195539 0.168148715695 -0.181760891402 -0.214335609419 0.0498940208206 -0.0183352171021 0.319495422278 0.224828503929 -0.408828571474 0.119389897325 0.301184430165 0.178775306343 -0.125572316578 -0.265589143884 0.83615933526 0.0757619332318 -0.0619049017184 0.383703017586 -0.0183607700342 -0.190368405004 0.344181149499 0.08638088226 0.54382964342 -0.204851010767 -0.00368910396231 0.231692361334 -0.0465844483685 0.047504342527 0.559864651419 0.014636287919 -0.0470537857433 0.288597930499 0.297996170586 -0.154674676654 -0.093276676052 0.392172182805 
-0.279089525146 0.00275665204484 
-0.13217316862 0.0512627048028 
-1.061633319 0.578586457558 
0.354336033955 0.288602809321 
1.08848470901 -1.00638354473 
-0.979625568642 0.360479130804 
1.45395696075 -0.623204758016 
0.48793515628 -0.22899675531 
0.591972748922 -0.803780134495 
-0.165367205456 0.0864381027186 
0.935602908073 -1.40283642831 
-1.15357930017 0.566777714918 
0.117575627558 -0.326915315526 
1.17869359323 -1.40213892544 
0.75702121953 -0.605707292414 
-0.43441364364 0.514618255957 
1.39434370713 -0.866756819033 
0.905322485825 -0.877347469489 
-0.827837790173 1.14210205099 
-0.657548041702 1.0081154157 
-0.413532807279 0.55459184382 
0.619618499085 -0.399460426152 
0.269494697934 -0.565762518064 
-0.742588957167 0.309992395438 
0.1873458264 0.207268448232 
0.462994270084 -1.0978921029 
1.21720887465 -1.53104739167 
0.707091946933 -1.19633260339 
0.760879903046 -0.107646702351 
-0.945964364286 1.3883768447 
0.113694565915 -0.130768684014 
0.451077050931 -0.219470141481 
-1.6166512831 1.46822584924 
1.2682179666 -0.374053443184 
0.649609662677 -0.617117703292 
0.836041245198 -0.589936253432 
-0.379385411837 1.2115588732 
0.616678742977 -1.66767148839 
-0.975389670422 1.37310408457 
-1.61228136185 1.96422845685 
1.63502411762 -1.11979556833 
0.737255086278 -0.579876507309 
-1.10645348657 0.984365631515 
0.772561794102 -0.196365206944 
1.20294901801 -0.464219424465 
-0.572200369533 0.112392837454 
1.1672750061 -1.49592454482 
0.604953966564 0.474759824498 
-0.985617703551 -0.180464086955 
-0.924530839861 0.639797233049 
1.14442275112 -1.47616224513 
