7
11
20
40
20
10
10
2
-0.400672709568 0.409541563013 -0.41162394682 1.02292861125 -0.528357403762 -0.47544203162 0.109249067398 0.665360624169 0.64015997505 0.576398050924 -0.548943762826 -0.138772061632 0.789048435028 -0.320041211973 -0.043607293878 0.47535353759 -0.299138033915 -0.532238956353 0.149940396358 -0.0941541313013 
-0.0570199002382 0.617350275386 -0.0171331026289 0.0580800193968 0.347425785859 -0.305610873973 1.06196054426 -0.341256454103 -0.16459015548 0.209624456723 0.833154628038 -0.0710224987731 -0.0114912058501 0.19371467049 -0.254450794399 -0.144920972729 -0.313827503587 -0.281432076994 -0.00937953907549 -0.114937611742 
-0.828249306706 0.0163586458737 -0.225188957584 -0.947232240723 -0.0196735755659 0.0443942825158 0.213420005158 -0.0607518847937 -0.380548509999 -0.52727572306 -0.35478047432 -0.0758064457249 -0.679272577738 0.270487366893 0.251729250724 -0.189741240187 0.0720444018232 -0.165899051363 0.267678899831 0.236555916975 
0.657936716666 0.365346276164 0.472355139135 0.357669246067 0.415853951095 0.327175803164 0.315396414834 -0.382481189409 0.613240477742 -0.13626126971 0.232707994501 -0.728884248397 -0.121136058443 0.606164550555 0.962235596485 -0.187700951119 0.253931623774 -0.727834287837 -0.27043378361 -0.110104708383 
-0.166754379289 -0.162105972141 -0.461000128289 0.595248645858 -0.214294092839 -0.129050053873 -0.310470229599 0.161813294625 -0.533871472268 0.407703466733 0.401487902842 -0.00270911324499 0.0165427837761 0.316906947628 -0.130081891802 -0.590659068482 -0.136795016707 -0.434935459194 0.29968947461 -0.446942976886 
0.0995034474316 -0.328542611004 0.906066914946 -0.897543793545 -0.659496525494 -0.146034593599 -0.279739438023 -0.140448544884 0.326741577551 0.0762864019036 -1.00217022121 0.156877856953 0.085146696624 -0.236718677289 0.414653477287 -0.487851317736 -0.0325164988974 0.282136732023 0.427038909333 0.244341223124 
-0.256527198077 0.489532492952 0.104681201017 -0.235099006728 0.388799913939 -0.150193397851 0.972805795233 -0.442138452966 0.847358946276 0.224269127946 -0.0610948025366 -0.127349194252 0.585836940422 0.714669319593 0.395156986606 0.264806826281 -0.599787129098 -0.276393513074 0.545283844155 0.405767514535 
-0.251118979254 0.406792387152 -0.300337235014 0.0575785537248 0.0810646669353 -0.0452765628749 -0.522028231037 0.310069961196 -0.355615600329 0.485565712404 0.894982461849 0.429791913798 -0.140305547267 0.376263681938 0.364207356773 0.434922366378 1.10434160615 0.197175139749 0.652170138183 -0.462017431493 
0.266143799486 -0.296252802038 -0.0536382717233 0.32406459186 0.959107098697 0.1326229503 0.981815372055 -0.522818580494 -0.961746236622 0.324543439026 0.50173524917 0.771664644194 0.207207479999 0.314321783253 0.238897778396 -0.0361702034847 -0.0221240627435 -0.557601231943 0.3999264792 0.434770471969 
0.387703464922 0.0157647979887 -0.363352648049 0.218871752784 0.34450686101 0.683065773546 0.332268717329 -0.369414998303 0.0187203715446 0.534257133921 0.0992622907056 -1.04796076055 -0.352350908613 0.154530143132 0.134032933575 -0.707307463117 -0.304283504413 0.120493993503 -0.0435355645117 0.633909839207 
-0.164467665089 0.290433278876 -0.102992342841 0.993451326615 -0.301899055424 -0.119205115915 -0.15444198294 -0.689480682574 -0.734675473636 -0.347896562558 0.25795363577 0.179972100006 -0.717052010546 0.178051275068 -0.461843162463 0.868067146978 0.466762723307 -0.106400261781 0.371639210855 0.590286676557 
0.315504228247 0.186045815811 -0.042987673801 0.23908197779 -0.112229155781 0.700845268863 -0.375675712432 -0.406239068964 -0.613049186984 -0.0533392420287 -0.683910815048 0.356629919835 -0.722231226425 -1.00300433139 -0.519710425023 -0.276287064965 -0.0876057669788 0.291216235189 -0.276443505269 -0.269883022603 
-0.51926516298 -0.0446676071511 -0.319388680795 0.267499310828 -0.0386254897843 0.53489374447 0.115761664125 0.0654862540173 0.551660933967 -0.421663992521 -0.0955094907811 -0.294149741408 -0.110583791622 0.038687714638 -0.204941376135 -0.504894982321 -0.42343859422 0.35100603836 0.129757494679 -0.171329266147 -0.122092254564 -0.255894019271 0.110642660172 0.207674055186 0.455704311967 -0.0843006320988 0.0982710374378 -0.0115808777792 0.653653035043 -0.48094126905 0.529777817883 -0.767109629171 0.380976803138 -0.0224862833143 -0.0884657057446 0.0497335160432 -0.0138202717254 0.612025487007 0.297491132056 -0.354737916014 
0.179158466835 0.231423787549 0.665697279746 -0.222729438738 -0.575585950793 0.177935576675 -0.610876061282 -0.0584053345344 -0.0359320777044 -0.0998204960835 -0.450810220954 -0.0560163093215 -0.205441455106 0.357869120175 0.174843996485 -0.246055020982 0.250427325842 -0.726799467029 -0.258948848696 0.478590235977 0.208066689527 0.0786423139974 -0.236559386037 0.51472001031 0.442835943384 0.283377370614 0.686908251463 -0.18771700951 0.0768793798514 -0.30998152507 -0.16849531761 -0.156078152301 0.420690588506 -0.137639882476 -0.0922783517384 -0.011452449605 -0.0527936942088 -0.104747958567 0.0142423111428 0.311744355123 
0.0613378559955 0.546131979019 0.513610689184 -0.318099273965 0.441421177974 -0.164477283617 0.249943587957 -0.907137145341 0.469361875511 -0.223168009325 -0.0575467684928 -0.173293792338 0.424084257266 -0.184331233379 0.0926769542723 0.283670600795 0.00312192159915 0.120030643078 -0.00647970716358 0.39102000512 0.162973835284 -0.274031939543 0.279423107544 -0.133314190459 0.0681358738013 -0.387384302956 -0.88943559017 -0.038251160563 -0.101024610194 0.0977960865954 -0.598842683412 -0.171597174458 0.12710795677 0.00592232754141 -0.566683321687 -0.438370704788 0.00372417163653 -0.122417591592 0.0215384104668 0.023343498877 
0.0907597167561 0.0590435052649 0.197417830787 0.0102659026011 -0.279017909946 -0.198370946722 0.0396047652335 -0.022050846986 0.0848456154481 -0.169925898814 0.110528213465 -0.296295586807 0.458476081006 -0.280031707861 -0.0501264513783 -0.362651613976 -0.100214223039 -0.323291306515 -0.318891069782 0.10485822031 -0.439706194174 -0.329959819004 -0.544121931953 -0.150068883376 -0.182567129472 0.375633218102 0.299546330607 0.0394926712214 -0.125105909996 0.488919379636 0.59924449932 0.124000437933 -0.22518794529 -0.135679528534 -0.0088268767209 0.156083436457 0.306459997803 0.0774040886606 -0.184539660787 0.272708132778 
-0.255754636126 0.13605304119 -0.334376524681 -0.365058130003 -0.112539799953 -0.390699681899 -0.138192258883 0.253922153385 -0.193146336996 0.366139023979 -0.300344409281 0.17716071466 -0.165874276013 0.582488014839 0.0069436759257 -0.0303441830995 0.795921523692 -0.0393361862696 0.241870357827 -0.2838679523 0.237542658832 0.376618262515 0.2170898753 0.384048851425 0.0311957737093 0.250693140522 0.522174327261 -0.246421318671 -0.0542193051281 -0.655458455421 -0.333435274076 -0.362872853796 -0.0599825773897 0.208535977045 -0.19131896602 -0.169646569199 -0.0628676714156 -0.162603670326 0.0604775762818 -0.210188946347 
-0.374199873942 -0.168753898093 -0.249318512123 0.0507329399925 0.0139265451903 -0.00108701530912 -0.339490751366 0.68333446356 0.285453969976 -1.10075057274 0.250675153397 -0.549732041793 0.170428319028 -0.0984871737827 -0.103929983343 0.352644368094 -0.371747455962 0.624987452268 0.399186075469 -0.259538208918 0.147285586946 -0.169393355097 0.586240836517 0.23014771663 -0.0897736346587 0.433008772829 -0.46604534992 -0.0434806144733 -0.241900311678 0.00396488948011 -0.41883268949 0.267023249442 -0.304139857894 -0.805908311415 0.153980974391 0.18528980359 0.0589381514426 -0.159280379903 0.533614342789 0.0922577117981 
0.403407999537 -0.41744006653 -0.243779767446 -0.347745530561 0.180361373978 -0.29482588977 -0.0222631234655 -0.0373149138061 -0.526787717902 0.425953969081 -0.00944378827348 0.649097756771 0.0861652760907 -0.139539273217 0.0682309729036 -0.18175556834 -0.332588325719 0.235580628802 -0.135407636438 0.0101625539646 -0.257477967302 0.110589947114 -0.472483750496 0.349023615078 -0.315993776294 0.280508571158 -0.210421443793 -0.364269561386 -0.593870065588 0.342840495987 -0.118104784141 0.0352889627597 -0.309941487833 0.0297736357655 -0.0529747307854 -0.0401503384403 0.424013378849 0.222698495691 0.270887879732 -0.408973939117 
-0.276007642078 -0.249965398214 0.136160451442 0.0638354221294 -0.00345312736236 -0.18568957956 0.0297511570661 -0.464978112583 -0.503763558454 -0.437463756028 -0.18263643823 0.452411001745 -0.0867862237834 -0.326592867619 0.373731609142 -0.0789486203319 0.219630858652 -0.868350785592 0.338968651549 -0.420297621584 0.303305455892 -0.166994753085 -0.338038948046 0.446785136471 0.337918117627 -0.270954048687 0.0251326359815 -0.0685433603743 0.0165376744839 0.550345153736 0.097044892767 0.00199417038683 -0.368734202325 0.787809429376 0.132565971509 0.276325024455 -0.183317883863 -0.312237999801 -0.237768534086 0.213525361291 
-0.00476547207405 0.737945363308 -0.039545116223 0.126511594313 -0.129238779221 -0.0300087951335 -0.402881990351 0.302961466863 -0.0839668246972 0.222638540481 0.0752321300112 0.0626426384022 0.261487798881 0.0231451759604 0.106239746585 -0.240746666637 -0.287505526719 0.64212768648 -0.149798277438 0.194472673187 0.160012345061 -0.122352694461 0.478816453763 -0.0529617886815 0.330385774373 0.0928581814385 -0.494120437586 0.126588697539 -0.0166895034636 0.219155191244 0.0761266401552 -0.0124143180523 -0.13189153344 -0.138298064471 -0.118244288034 0.435242152543 -0.241374444203 0.250103152399 0.266810733746 -0.1403077805 
0.2785292097 0.0933631226574 -0.109756710443 -0.177376801625 0.389107482147 0.41219661495 0.354478453508 0.130603035188 0.40660954716 -1.0372548583 -0.321483288295 -0.00329669863422 -0.488086426919 0.0603806814718 0.382642814193 0.383299184695 -0.764433955933 -0.153954550944 -0.421326677759 -0.853757098173 -0.528003512845 0.224938834825 -0.0460949361268 0.165446895292 0.536080225722 0.111193232605 0.273908127683 -0.214899761957 0.212354198005 0.0601025859969 0.505319558421 0.172713624199 0.0218358541875 0.297139496203 0.0723429383304 0.225376098393 -0.388966340263 0.0122058704796 0.0130707392541 0.31826008608 
-0.364046971345 0.220464148364 0.27851753409 -0.209509276377 0.237234966826 -0.376666233381 0.0668053652295 0.179491542298 -0.166549147467 -0.0568821931537 -0.187173396501 -0.116256100831 -0.114124842978 0.541521784977 -0.0161795079057 0.360580630597 -0.11205493569 0.45944546638 0.604295225875 -0.144926082964 0.0996786114419 -0.374551502126 0.31333899213 -0.209785442863 -0.00451438901887 -0.154445653845 -0.161753510962 -0.0349689322147 0.226827112521 0.35404389724 -0.0503477921783 0.215351819971 0.212108965801 -0.31518303643 0.0100121357375 -0.0598397976623 -0.197444451328 0.422245389954 -0.787420371672 0.314945162728 
0.643260772234 0.573458063769 -0.0494468975783 -0.420549532786 0.204482969474 0.340065802026 -0.24844057132 0.976654624479 0.110221132286 -0.0264485838593 0.205863100331 -0.534579163996 0.180708034633 0.205754798455 -0.369673560319 -0.476653628621 0.328417720994 -0.517259534958 -0.0705763771718 -0.726063377456 0.246652433084 -0.00489606820421 0.516558799025 0.267511900963 0.508599009818 -0.274736150168 0.0721807540452 0.312751880467 -0.264177372106 0.180951277174 -0.909039706535 -0.0881614749074 0.210122545233 -0.12193782762 0.373600816071 0.363692301688 0.151446426909 0.17620707664 -0.169552146056 0.456067409583 
0.0637241875376 0.811573963481 -0.711910150182 -0.429144153394 0.18820371353 -0.152194646263 0.0633859566677 -0.309792145342 0.291706687549 0.527652881034 0.634188610847 0.0455467353821 0.0841941670824 -0.0596103416778 -0.0625441569436 0.234070092192 -0.00425676940236 -0.0228646082275 0.244197160658 0.182635874402 0.105351076878 0.601602727159 -0.187476660241 0.436062873113 -0.0305668511274 0.141445380086 0.361124934504 -0.653745911506 -0.35837738632 -0.433503044292 0.0299498181607 -0.153685668557 -0.15199189194 -0.86275313896 0.151972519018 0.193231024463 -0.562660936102 -0.228323913377 -0.536993395393 -0.871363795519 
0.165484004449 -0.151563901881 -0.165727330672 0.738434616793 -0.0235686658372 -0.0686071915535 -0.225727187543 -0.503094064245 -0.600448974195 -0.415858195073 0.113438259091 -0.165040540118 0.538851298471 -0.154594770726 -0.0864198821608 0.5450886157 -0.475042016106 -0.260203737009 -0.374618947785 0.302689378998 0.145389581984 -0.153451188822 -0.36517884896 -0.0368672991664 0.0692509321905 -0.0769696443905 0.0786537058262 0.511316361492 0.397743975888 0.503874662057 -0.433329231718 0.0470723723759 -0.0685305606991 0.172953172144 -0.377598850201 0.307252404099 -0.189410357806 -0.342481083718 0.0291916471111 0.205277091417 
0.314011530289 0.0600990190755 0.223690593421 0.0166261156841 0.307831877097 0.611850280155 0.447910089815 0.064331557049 0.0754838414817 -0.344386335541 0.288825817928 0.316108045963 0.172659143648 -0.211417021073 0.192184443203 0.377044080686 -0.729840654216 -0.258118869476 -0.126423928171 0.0635618375026 -0.192397780218 -0.211394893363 -0.278916377081 -0.257195106921 -0.27087052639 -0.37172006656 -0.0828818113263 -0.0138142611614 -0.421472338238 -0.752176458217 0.361903009096 -0.193950639556 0.063660321144 -0.173148352314 -0.284361296533 0.0775831056866 -0.410368760621 0.0939205145457 0.543983321575 -0.297886056035 
-0.243489676957 -0.447651199687 -0.275178670861 0.337771150717 -0.0706888887117 0.331499824624 -0.0153311790385 -0.0567280361448 -0.186831236026 0.0498704940221 -0.421299824229 -0.228313349642 -0.424315818283 -0.352931931076 -0.226755219166 -0.143667643852 -0.250085767916 0.516669452254 0.0771566418479 -0.0656037674865 0.404846680383 -0.0414996378246 -0.094080106842 0.00938856583062 0.182130298343 0.0443441990885 0.253549359965 0.0784427792473 -0.33728637617 0.208291785551 0.193513542334 -0.166497964563 -0.28770124859 0.373459804677 0.390271156444 0.111770225405 0.0638946304694 0.279590287438 0.468976086803 -0.429983419978 
-0.0923694314454 0.344008718393 -0.307846500444 0.238553449507 -0.0952415560591 0.228401459603 -0.456506317146 -0.310741166074 -0.334679462762 0.196211884264 0.0401805973522 0.107828319418 0.123239495657 -0.215929545299 -0.0955083556748 0.111464646509 -0.290551934828 0.0185166798539 -0.136828571254 0.102599328326 0.192895108066 -0.484032671628 -0.307859555623 0.165221717653 0.439855387751 0.375230421205 0.29642089832 -0.349072410716 -0.376774274584 -0.146174222253 0.325193181498 0.0659195308799 0.106972394275 -0.172504709198 0.142273326261 -0.175820369671 0.119868279477 0.32999158013 -0.862933232493 0.253331195496 
0.0349244701243 -0.186802068282 -0.310491603627 0.0254036070499 -0.10273297549 -0.54096319012 -0.219851264914 -0.130845477449 0.541058732036 -0.418826725518 0.410922790222 0.0567695693934 -0.502965134666 0.2334917752 -0.310850492402 -0.405133712566 0.650168959199 -0.115584944721 -0.367768141509 -0.629853718347 0.162031870902 0.151026456814 0.430114267532 -0.414479061287 -0.380584409203 -0.0734866356304 0.559273643592 0.1842562724 0.354998187037 0.126447030555 -0.593903911219 -0.290515531923 0.335033680644 0.450330771237 -0.0207834712146 0.147406278681 -0.107599179381 0.0929363442719 -0.522408785295 -0.27343306713 
0.0822787623957 -0.499355335332 -0.0320852652327 0.224741875519 0.272394188733 0.0612878586042 0.204232504106 -0.651188803135 -0.416338556054 -0.169979803223 -0.189390172572 -0.229090900089 0.0313249444579 0.205329405429 0.191364147994 0.0982631346475 0.262274208233 0.355152019874 -0.142320151128 -0.221680624162 0.0537908773806 -0.357206076928 -0.27207073065 0.331319818077 0.113530871191 0.135958272241 -0.221917173771 0.454864174545 0.993725459704 -0.0549653370815 -0.583413011344 0.00969525621192 -0.278824952531 0.409756368693 -0.0935619895305 0.199845227119 0.670269930437 -0.521829330945 -0.458369685521 -0.502865914708 
0.13410088055 -0.13961041926 0.119590294514 -0.0124707076542 -1.00863051492 0.23761197114 -0.0540598097489 -0.0253830544334 0.17726649081 -0.560413901455 0.0527324031668 0.89099490667 0.26184975852 0.319549781365 0.0778712786876 0.206131900639 0.0347742183866 -0.340461685798 0.270152858454 0.291021037908 0.192583161476 0.448425356189 -0.867779168793 -0.34817865628 -0.375023316939 -0.140229521805 -0.359207941641 -0.0983172981086 0.0727024305167 0.0601219856563 0.179145651349 0.182242667662 -0.151291492608 -0.714376204453 0.0868715807498 -0.0119557475778 0.140921356955 0.548003198682 -0.0143374345396 0.331380093427 
-0.372106728579 0.0459574839059 -0.462426667679 -0.340285043246 -0.430692075067 -0.173947242643 -0.0268986680315 -0.135304850089 0.17103710959 0.107483037556 0.494297153155 -0.0741208743014 0.364268766957 0.381786455042 0.222948551069 -0.0674756704233 0.194560141689 0.519863061368 0.624844210809 0.084492918014 -0.235502096769 0.213358000415 0.31737082963 -0.840979266283 0.117074968064 0.154695348641 0.0335044139912 -0.0127865707736 0.417266720062 0.203768982262 0.254425153578 0.147690395091 0.0677899941267 0.228491909387 0.445014195702 -0.0204456875175 -0.0234665188341 -0.181887675638 -0.42391409178 -0.422182661235 
-0.175793744497 -0.0871258783812 0.0332537409441 0.0241260122718 -0.131308009187 0.0609507500278 -0.106506840557 0.435060937715 -0.159532105655 -0.489517062914 0.0106485304288 0.115711259145 -0.0250361864711 0.234397747381 -0.276342204473 -0.506924992776 0.183271605153 0.0582150278892 -0.403297718065 -0.038208650607 
-0.00931357596019 -0.18923209014 -0.230101177384 0.0229319812701 -0.184841859227 -0.211360820937 -0.114158628861 -0.262797368126 -0.861510654632 0.0823021470245 -0.0039142926444 -0.190407288044 0.359259406079 0.451050121615 0.257523056588 -0.153238645258 -0.140920272193 -0.332759028895 -0.0461431901256 0.27592637922 
-0.0795668277677 -0.246825384598 0.127969295233 0.100505258867 0.362717987076 0.0337014406004 -0.197289114949 -0.293561753773 0.0263860940182 0.013634458815 -0.759842338916 -0.743799743639 0.0665524611571 0.234524498687 0.0483985328112 0.151142466026 0.283219000277 -0.0137940580873 0.024257444018 -0.0106727037718 
-0.105550563698 -0.324811635366 -0.417898459497 -0.146588629511 0.159945677689 -0.33828097708 -0.655126928148 0.0491528085815 -0.113513002236 -0.351716523147 -0.613568900898 -0.171165567003 0.317094132016 0.344636961758 -0.206209701136 0.599522499283 0.199082337049 0.0958352420336 -0.238142505893 -0.395521073065 
0.492189597452 0.0888278876697 0.00103985939567 -0.662458245441 0.0616050301128 -0.329750318252 0.0306170349725 -0.459862406793 -0.055122636874 -0.159850201961 -0.248908502198 -0.049148790533 0.0777135693883 -0.165548550887 -1.00515842933 0.0843582013476 0.29197116123 -0.222463826826 -0.197398317085 -0.0530477195962 
0.538281790803 0.0447647654067 -0.0823829094039 0.0315715858763 0.340611092985 -0.0177235802961 0.0135511838761 0.0113127964583 -0.203969190697 0.409549938934 -0.0292386103078 0.220529337921 -0.144448576033 -0.229886076485 -0.108175385565 0.270730551205 0.113175543601 0.862653465186 -0.646109778673 -0.113911903939 
0.0506334438328 -0.463747583494 0.324487237509 -0.192133864055 0.130381351781 0.471378187215 -0.317881137826 -0.267297514344 -0.262574311085 0.0913458484523 -0.0830543307154 -0.537369076556 0.268161517076 -0.0863088732486 -0.37602363822 0.0620343155684 0.237909282964 0.340334294869 -0.142089418838 -0.38187078548 
-0.226303075194 0.007461510446 -0.109896197339 -0.00843447799759 0.0403614710239 0.00763237180264 -0.387779460036 -0.556526679598 0.0134781018662 -0.220908112438 0.0385833523428 -0.112571809439 0.280018605659 -0.294698468571 0.0969005149194 0.117355724481 -0.669757024451 0.109239027507 0.114202398637 -0.268441511528 
0.220653431771 -0.102412243402 -0.391244039685 -0.116513005521 -0.270789542985 -0.496489801227 0.583752642875 -0.0858062659063 -0.29212425382 0.0040339267756 0.227704667556 -0.0191268548685 0.00943631985832 0.241851994038 0.221257753377 -0.159203287444 0.21620439947 -0.253106139605 -0.297405979925 -0.259846775119 
-0.535101093524 0.161444022023 0.204067782426 0.309488418948 0.551864301027 -0.0794573077599 -0.0348949189602 0.637488945894 -0.163035904879 -0.0557395449549 -0.456177770361 0.0957853695443 0.067689638752 -0.0429489242307 -0.298812560111 0.166541444539 -0.0245960803183 -0.0339549378406 0.590198368828 0.0862792703061 
-0.12943181013 -0.164304824176 0.266609995141 -0.471485036085 0.466847327354 -0.751949785624 0.205570745344 -0.488119963894 -0.643705910267 -0.198474277335 0.352756587369 -0.194201188976 0.149461770819 0.0662681445917 -0.0685549504265 -0.155210394655 0.0144362466386 -0.140588211503 0.0740873889642 -0.251841481157 
0.341251457407 0.0148853446341 -0.14149722362 0.319296647541 0.64250743748 -0.23237865062 0.114627347603 0.155797020602 0.00584728967113 0.37184666374 0.315833322608 -0.749769874559 -0.341314218227 -0.0741190057179 0.042663914583 -0.242702630741 0.467295834441 -0.301537589932 -0.540417755072 -0.367360164621 
-0.562579715306 -0.243085905199 -0.278445955092 0.0163214879735 0.00598580317945 -0.325171356953 -0.129429922129 -0.198851205008 -0.213161432441 0.345054009729 0.00960609049158 -0.270010547706 0.465765413915 0.403684803306 -0.382356356095 0.0548771480431 -0.183054297907 -0.82557373174 -0.579171290251 -0.21046272582 
-0.0996054941058 -0.24857090171 -0.228916946454 -0.586690392391 -0.128106383552 0.266770581951 0.53342793472 -0.244241693186 0.306670686487 -0.51194860887 0.336835598847 0.27978339343 0.394343083773 -0.0294316701155 0.458457455771 -0.612608897204 0.0915171891791 -0.0148637711624 -0.518144758403 -0.130698966299 
-0.189153246851 0.275697281589 -0.0679761879134 -0.457486910449 0.433335435546 0.152254634681 -0.427675463048 0.553316641674 0.0809198262059 -0.170264434253 -0.0599607750579 0.245600496065 0.128489776304 0.105491014815 0.099568303219 -0.035414468233 0.0444159076687 0.194948255156 0.168766686541 0.605821231665 
0.422724215825 -0.669442448227 -0.440544807561 0.0973090143409 0.362893678652 -0.239744336641 0.139578116972 -0.0852522890036 0.183137484091 0.178828625902 0.647735048337 -0.420395912218 0.181446054973 -0.214354939369 -0.122298682169 -0.163906068723 0.0992586820141 -0.338166281916 0.330188672703 0.544577239874 
-0.482378482836 -0.155368303927 0.0957524421723 0.0908187713294 0.0593955883683 -0.360944559876 -0.696185903829 -0.0681149182242 -0.20942924231 -0.0923881138754 -0.510916151331 0.197337525691 -0.210195738038 -0.0881628832441 0.0181832666539 0.219239160593 -0.0650979946586 -0.113159824658 0.00233834287496 -0.120463228526 
-0.469187798232 0.466098231102 -0.618375914133 0.201505997142 0.205850273932 -0.294060344989 0.0985507501782 0.13269484008 -0.135002348112 -0.399167052408 0.0411320374172 0.201001238508 -0.387358991977 -0.204077792526 0.127616867373 0.272227645758 -0.57666779921 -0.186184081761 -0.671924164398 0.0653891396624 
-0.304364238413 -0.352150633323 -0.218992662205 -0.47969491239 -0.549403781582 0.117066731743 0.0161927583869 0.193717812478 0.458576215547 -0.222650658946 -0.397624517647 -0.533475278463 -0.450630591812 0.160368258427 -0.137444137655 -0.120097906924 -0.46745920842 0.186776858883 0.0390125266816 0.2481469468 
-0.206652116699 -0.457815779879 0.0566644633303 0.386650846749 -0.280846386549 0.00433901641825 -0.0255457521963 -0.215257779245 0.173720574495 0.420476861726 -0.321944328316 0.408173130925 0.379556750349 0.122104143192 -0.0556189609195 -0.0127173399766 -0.153748600161 -0.675030369253 0.0706902499465 -0.481679607588 
0.374327127842 0.181709106664 -0.0672450403776 -0.110132456409 -0.278935346918 0.166307926645 0.480858307251 -0.717697988139 0.0965755539123 0.100274957228 -0.175098586801 -0.349339698961 -0.081907552676 -0.0846755893351 0.127545986947 0.419680260127 -0.505778600392 0.0431033416139 0.0942105513774 0.0322100402859 
-0.311771205588 -0.032314644007 0.0888931719589 0.508870790443 0.285525916472 -0.278621052492 -0.729053897399 0.084706359076 -0.00985345080789 0.476612932838 0.39762119705 0.153893613544 -0.158739623246 0.0546111861377 -0.179306973481 0.419678453575 -0.00114287676021 0.248516420981 0.299359165101 0.249018787515 
0.422645476701 0.46820631258 0.240140597265 -0.00250446115967 0.185595852603 -0.355931591071 -0.103552097622 -0.0405993027896 -0.485029850406 -0.0331714452815 -0.186859952946 0.175152484142 -0.14146258649 0.093180510131 -0.0764736132692 -0.132480568595 0.135489684984 -0.136451594193 0.0476505821106 0.294987121134 
-0.514054275507 -0.351919528392 0.115918629751 0.0922886822958 0.408428264784 -0.082870133744 -0.344875774418 -0.182179995425 -0.187027266786 0.00983916195272 -0.677786363737 -0.117923670492 0.0338724711995 -0.325154734522 0.129099715677 0.224339959118 -0.341570772289 -0.117097210309 0.451194115918 -0.432810394659 
-0.652762243877 0.126632956067 -0.0757667716813 -0.0265595887185 0.448625208411 -0.614618959203 -0.0339217283393 -0.242099267054 -0.154169258747 0.186503990458 -0.053917711616 0.297356486116 0.252655349857 0.495345814349 -0.0875235256207 -0.211365289705 0.379057792818 0.204968984572 0.610564339506 -0.25459476966 
-0.117564218391 -0.0895613821222 -0.0878469478626 -0.443367336126 0.0454194899473 -0.262687141378 0.0951282116078 0.425107393587 0.190584072321 0.397466075083 -0.131766355035 0.350104099129 0.499343248945 -0.336785542961 0.105029220525 0.013716774546 0.00919871835164 0.04198755249 0.297132152178 0.322936152782 
-0.0225526922626 0.304480504044 0.202393251067 -0.00237439155663 0.013356102488 0.155748752466 0.198900426769 0.061319131335 -0.372141989171 -0.220484717414 0.0341384834312 0.036039220967 -0.794052801196 0.150596907741 0.113820117558 -0.232715896554 -0.317387302347 -0.560603865736 0.256976887941 -0.22683595598 
0.380872992901 0.601909376161 0.0938896013312 -0.13325483456 -0.08310401734 0.0365921984423 -0.0398387902445 -0.0630783010447 0.00909062509584 -0.523709467885 -0.00561265288452 0.062363537793 -0.0229736321897 0.09685031638 -0.360874446004 -0.201398198476 -0.245944527638 -0.0715954492886 0.256149931398 0.292216976894 
-0.294694902224 -0.15765424582 -0.314735700156 0.0942110898817 0.138038422096 -0.444018746051 -0.055591669109 0.185752258811 -0.558902496293 0.0726270088713 0.673461417084 0.962954726583 -0.143513594041 -0.259151307893 -0.141909419717 0.0976759355174 0.0772619081035 0.198864479245 0.0847971649932 0.0728306566875 
-0.426543145997 0.031380423637 0.103545841659 0.506142696857 0.204979652828 0.312492095797 -0.535039381662 -0.056811272997 0.41803053395 0.0841321605666 0.0952204750082 0.120491444488 -0.125027422549 0.234456564215 0.209351515971 -0.484880209501 -0.39332386601 0.040346764425 -0.540391436167 0.110168113538 
-0.0833847284409 -0.617892764528 -0.474598176907 -0.238867974195 -0.238376889583 -0.00514186430341 -0.0744011568982 0.381192535686 0.0879331521307 -0.312475348815 -0.03004848057 -0.378446699532 -0.152492267003 0.16817089937 0.626614284473 -0.394561690602 0.25799985775 0.24216684884 0.225943698783 0.250796979222 
-0.597407302613 0.0883157894656 0.100078904575 -0.428712839489 0.370030850209 0.616031794488 0.57394974492 0.095275879011 0.117391677186 0.132884352217 0.0967139736091 0.185050817013 -0.0377745117235 0.21897421974 0.207780458701 -0.511442436825 -0.109671741677 0.458519544632 0.667191257699 -0.194482303916 
-0.260829806184 -0.0247554715194 0.336275214052 -0.527618719593 0.289546921195 0.499817329403 0.179072206976 0.226080254124 -0.035169894954 -0.47901542031 -0.167999054034 0.025589870451 0.0976243572528 -0.319538735307 -0.050054328537 -0.220287603108 -0.184376036735 0.150444717577 0.0340600333992 -0.0375050627827 
-0.16908071351 -0.230045679023 -0.393190135829 -0.06210193831 0.125937119029 0.0963282916105 -0.354350386535 0.678872085435 0.469456308309 0.0865559121436 -0.562956420392 -0.173472983072 -0.565425244477 0.166265111454 0.165513796148 -0.552599924226 -0.300642095342 0.80274719112 -0.428398377577 -0.622495670507 
0.203726326344 0.10743563634 -0.000737327019289 0.0876447386374 -0.284949808072 0.0428510356137 0.462228468324 0.449325143312 0.421282025495 -0.186729282342 -0.0106492908193 -0.283122630813 0.521652882998 -0.0582347162057 -0.231499721331 0.0534190045909 -0.0525966153685 0.270598470713 0.319781131511 -0.588960100691 
0.551776285344 -0.283098758806 0.00495583953116 0.076259712883 -0.293347198753 0.145257270223 0.08368192517 -0.318454325555 -0.226010239215 -0.0115665252047 -0.426497950703 0.329168981368 -0.38878489859 -0.487217092993 0.0378363727955 0.373550206293 -0.119539021367 0.0856392820762 -0.0157013614663 0.0594321302292 
0.262850399689 0.394057479347 0.487970321888 0.383510974168 0.285216386282 0.283808564512 0.184815010487 -0.550674254618 -0.568993763075 0.336143329291 0.102057997888 -0.439419974461 0.371341233395 -0.51583488248 -0.340212103695 0.544934318774 0.512144272509 -0.0983480860709 0.197534930656 0.532776876019 
-0.476588969259 -0.183234189568 -0.00282661224409 -0.124352100634 0.465256577285 0.0456419731851 -0.3447655392 0.0122577936701 -0.0392966509019 -0.00190057292634 0.0931145496747 -0.157724571542 -0.335967756427 0.233699131881 -0.195842845033 -0.0277433492976 0.820906130845 -0.213055193269 0.224870068177 0.17143112063 
-0.478699565618 -0.156245850311 -0.291086127952 -0.282561255813 0.152012724136 0.751382444 -0.408992490567 -0.389249952747 0.142275352712 -0.528620330105 -0.136843074655 0.0413502872719 0.2891405352 0.517070451289 -0.0386345314341 -0.246711515456 0.416145830497 -0.293062408368 -0.238528830423 -0.61429682104 
0.429590717329 0.0351260768913 -0.144248246353 0.387331260831 0.63571815631 0.115030352415 0.101570761855 0.0739531772334 0.163310528514 -0.024944288226 -0.0609502010661 0.152747910773 0.0387456063817 -0.0459785223289 -0.265074196675 -0.022135973068 0.275534383687 -0.187194467434 0.261316578222 -0.377771797047 
0.121031274415 -0.468471816544 0.044978914502 -0.290917067891 -0.23391285216 0.0167165153784 -0.313360204881 -0.0703213096671 0.303884238537 -0.263866027357 0.0214089370037 0.487366618025 -0.508765902991 0.0562560412272 0.37760222895 -0.0514838986957 0.360096363679 0.0757840879295 -0.214680933965 -0.204626182872 
0.657599923573 0.524601854175 -0.00916064005782 -0.66109781288 1.56037955946 1.12478146789 -0.202734478283 -0.253615287727 0.0490430044166 0.558463663683 
-0.207067667904 -0.301118987634 -0.941583442845 0.437758063969 -0.297290805987 -0.425365398679 0.760446166752 -0.500228767561 0.395065147513 0.143453715687 
0.0409762499515 -0.502718304114 -0.66117170043 0.0512916218262 -0.2833037784 -0.209468392868 0.00847275468847 0.721925868542 0.361104427351 0.259466010812 
-0.0212105484766 0.605321063889 0.185788630963 1.13948031528 0.000452592594371 0.159299105577 -0.0415208981869 0.155511130374 0.650510577425 0.432459210641 
-0.501959335787 0.136262577634 -1.35020169241 -0.782953929815 0.152078524178 -0.32852777883 0.818961579847 0.194506747231 -0.598682266748 -0.341208343275 
0.216867402301 0.370089646556 0.69430882356 -0.232108993627 0.424478888584 0.296868257269 0.800148570264 -0.245780790521 -0.435412569477 0.408796448968 
0.547090229336 0.210285999295 0.26132842153 0.577945575798 -0.158077135977 0.0737191007906 0.191741105333 -0.127673697763 -0.088084105049 -0.847047747605 
-0.219441358324 0.109140006837 0.203875139618 -0.522486817481 0.230774643924 0.342190598451 0.135776841923 0.281000182067 -0.464981958011 -0.388019694989 
0.650251756298 -0.283644548938 0.128309492324 0.208189787924 0.421843703789 0.274230445467 0.310756320093 0.542288385999 -0.318613113962 -0.296471824751 
0.167068117273 -0.0754736894904 0.592006466267 0.0354996869382 -0.625369633657 -0.366639584852 -0.0812440785658 -0.7836954616 -0.436871565221 0.0862042184834 
0.0153762192153 0.0858920223374 0.42460193738 0.534755735382 -0.708506179665 0.612478106503 -0.0152626556048 -0.204913580337 0.298962111763 0.435866947106 
0.200865210045 -0.274281526905 -0.285110022418 -0.118624440625 -0.503634712064 -0.000801733036035 -0.175995447669 -0.381844226901 -0.342864822645 0.274785558892 
0.593918598829 0.887281901835 0.205835117867 0.119199255249 -0.266171187774 -0.201042034793 0.373423531091 -0.500758284505 0.0480564428497 -0.362723623884 
-0.458787159682 0.40868945302 0.0269497391381 0.194933172785 -0.0915756935684 -0.6709459278 -0.0351753601718 0.349111293206 -0.170089169312 0.684753017329 
-0.485622448011 -0.161937119881 0.390430990922 -0.489669349697 -0.400534125815 -0.143462107218 0.457682638764 -0.306925565425 -0.271399578461 -0.326328503695 
0.153309241091 -0.830684844555 0.652387708341 0.460817135749 -0.156277779767 -0.566469054549 -0.218149348509 -0.826884291741 -0.321245149227 0.98515475457 
0.240235630334 -0.194998252924 -0.0318659146584 0.0474777294685 0.421751327912 -0.543242125061 0.0432488507364 -0.39232518774 0.345264104566 0.122472896818 
0.130019670807 0.0290054389322 -0.131667075844 0.448040040581 0.561055172171 0.172383619512 0.417904391702 0.702042904872 0.400737589101 0.16976329178 
0.0523447977634 -0.178527746029 -0.110084399253 0.172734317858 -0.327234098168 -0.385628031973 -0.552191675665 0.230467808909 -0.33845661595 0.246536449564 
0.15787973054 0.171931208156 0.208831243924 0.0454019654583 -0.0988882599718 -0.495873446326 -0.349567868473 -0.266753875781 -0.133572491643 0.483197797155 
0.345231459788 0.33610119782 0.272468315948 0.279982702238 -0.0614723685129 -0.00720785101315 -0.471922596348 -0.406157969558 0.0855049848552 0.190770179173 
0.114779648979 -0.560243453782 0.547191211582 -0.528390761043 1.21290961849 -0.094612763929 -0.850612264977 -0.473586908783 -0.246041900073 -0.438713375708 
-0.373431287699 0.164997510981 0.28110969756 0.887947160742 0.272366626471 -1.41237901421 0.492314997155 -0.355495136895 -0.50639091095 -0.162303491943 
0.688534723253 -0.154386820386 -0.179539103353 -0.135776093042 0.359586003016 -0.658723732573 0.292995973926 -0.218104951155 0.13607737585 -0.196136147999 
0.200941456059 -0.745923486336 0.346602975121 -0.848349878442 0.477890021071 -0.038759419033 0.78186706551 -0.0243240664386 0.260365564429 0.106921896844 
-0.767162315582 0.24276419713 0.166488099498 -0.891994776412 -0.216812277692 0.971748934778 0.63536111131 -0.345618824599 0.763464447964 -0.00277396932237 
0.980045806399 -0.363737080096 0.771415727599 -0.199030922962 0.196500766216 0.501227269025 0.493133870703 0.236169360633 0.39963949236 -0.732445240374 
-0.473275253998 0.257070641786 -0.744988812031 -0.640491630405 -0.402240590041 -0.667696070982 0.663912385306 0.648562454046 0.045540286262 0.484471290204 
0.785684983075 -0.164129456383 0.90339295528 -0.446652912939 0.616416922345 0.0866788797972 -0.0862495904398 -1.21800738845 0.708438009167 -0.179045149732 
1.11493079863 0.643124793843 0.0404697857091 0.715469590704 -0.276701236378 -0.376565428465 -0.116648543311 0.277028500754 0.254276300812 -0.0365129043585 
-0.593570171546 1.18401100137 -0.0750099649075 1.05119348284 -0.420542369718 0.478566967398 -0.338322134173 0.662579387507 0.472589223313 -0.766344242391 
-0.102289445651 0.0818047785342 0.280226937825 0.961230803712 0.380970611851 0.353780969519 -1.36983919593 -0.610324028096 0.205479694876 -1.39941531787 
-1.16794140708 -1.8198238509 
-2.18822533167 -0.942937058187 
-1.10196192771 -0.233112334402 
-0.698746709823 0.186016491144 
0.917644066792 0.200003520602 
-0.706408282149 -2.29676359073 
-0.103292868193 0.0754145312462 
-1.67147973228 -0.207560477185 
0.420505323772 -0.345592039366 
-1.64088528986 -0.655880035673 
0.594969272602 0.927327898309 
